3.371306270767938096e-01
9.022815968608832726e-02
3.429116794869725982e-01
4.352348010761253327e-01
1.041855282651993342e-02
1.831016749812532929e-01
1.770243607342759096e-01
9.148078558988526066e-02
2.008112409859835745e-01
8.501044040931843293e-02
1.868396661969918826e-01
3.431570815611278968e-01
9.928205429419745265e-02
2.761627154653434335e-01
1.504120374258129389e-01
3.360282330436952791e-01
9.044514828309840881e-02
4.127862330010162450e-02
1.444158045550786862e-01
1.106920234636678269e-01
1.605403399948100440e-01
1.602284616802541750e-01
1.064506184408581246e-01
7.676323305834586996e-02
1.853200378834870821e-01
2.517389255879486920e-01
1.823654928954312748e-01
2.669132724184677952e-02
1.860384359495822204e-01
1.934597928274303102e-01
8.004455062411952593e-02
2.108114276927502972e-01
1.368522229617034625e-01
1.728288247390838694e-01
-2.477525110223588456e-03
1.801434453574157768e-01
2.212506458027858058e-01
2.417222191809104970e-01
2.673939513306343163e-01
2.096807530726729762e-01
1.811614012545310071e-01
2.054083143702095937e-01
2.317061854125290754e-01
1.431157495555079318e-01
3.590104052186116057e-02
1.079745187990301669e-01
7.231119401329710872e-02
2.719149256927333447e-01
7.532856308805901957e-02
1.246235653528585674e-01
2.085281963554409257e-01
2.973371682761732915e-02
4.880508135480149390e-02
2.470811778725050534e-01
1.101575535445820930e-01
2.037006089907699158e-01
2.035616407997158095e-01
1.806561656418484707e-01
-1.941862702169289134e-02
1.771723011949142279e-01
2.496432959729025236e-02
1.284404781880992552e-01
6.017222101008257162e-02
1.107307082547957788e-01
2.281214965408504269e-01
7.871309879528406994e-02
-9.430456810848308891e-03
2.522337802628165648e-01
2.045424815081279268e-01
1.433168806376800830e-01
2.280117064776232549e-02
6.402892349044042586e-02
1.142480961421349361e-01
1.381158389807846665e-01
1.540597607093392996e-01
1.651678290430760310e-01
7.819383800434459575e-02
1.016609891256146092e-01
1.477056095417040860e-01
2.197841288147779071e-01
-4.583918350515869822e-02
1.760359079591262699e-01
6.678916834724690776e-02
2.806404793929609953e-01
1.051004199145745277e-01
4.321554885435829885e-02
3.750949868242113572e-02
1.432171339251818165e-01
1.140647216200652569e-01
1.680957058523532832e-01
1.113510132366634653e-01
1.017499650950566270e-01
1.170108067215022141e-01
1.405270698067697666e-01
2.469327199748061474e-02
2.332513292673384364e-01
2.818715979401519856e-01
1.754930878788958371e-01
1.665233701176888070e-01
8.104993323921377835e-02
1.847792069502352807e-01
1.755270897877858616e-01
1.211146798270114622e-01
3.046048306204519607e-01
2.453971733742756900e-01
1.685247081016505444e-01
-3.858702581087058991e-02
7.908018213418044340e-02
3.270575837255731422e-01
1.764488342180738356e-01
3.219677972016627976e-01
1.467535620708965149e-02
6.475042025367241938e-02
1.751659595982973106e-01
9.336389450493043363e-02
1.916009808894545419e-01
1.739354916963075093e-01
2.558920516872341677e-01
1.780529756119581530e-01
1.207273253889057374e-02
9.243352047639558089e-02
3.447668082496768704e-02
-7.543132979232480828e-03
5.151456988542901794e-02
1.226653694034107733e-01
1.676721830472065189e-01
-6.211456999371423038e-03
2.551149839968558375e-02
5.870793479313421437e-02
-2.585404092240131679e-02
1.213155420527637363e-01
-4.909737932311271369e-02
2.491280428293154992e-02
1.396635404997538799e-01
-2.699996934236237323e-02
1.745332035621640077e-01
-3.515552055546974919e-03
-3.165996389848263481e-02
1.354320462895666766e-01
1.623190728114876080e-01
1.405377281568483960e-01
8.738096224616240248e-02
-1.392455151459520701e-02
1.107276279226008797e-01
5.758068435466964785e-02
-3.550203683013547495e-02
1.730635167047564482e-02
1.488928604118139321e-02
-3.052545067752972519e-01
8.175505241219352404e-02
-1.259975491161111072e-02
2.608842515328805844e-01
8.337466507548049743e-02
1.855637972801525426e-01
1.906931961978362844e-02
1.170172007225261379e-01
7.700430015481674051e-02
2.931136975462800276e-02
7.472087202903857084e-02
1.324158590619847198e-01
7.566482365621844675e-02
7.165750925626340750e-02
2.551878441352846139e-01
2.528459350076848744e-01
-2.450529482300881079e-02
2.644528890449480973e-02
-1.276784294250831731e-01
8.498107151699763051e-02
7.322393115514974626e-02
1.629022402734307540e-01
1.463241635807203955e-01
7.773179464119428506e-02
2.187463336261644131e-01
1.276222423737492784e-01
1.783990882345024009e-01
-8.806922783431031521e-02
1.924317928191479066e-01
9.922558398919578693e-02
-1.559329571403560433e-01
8.246711243129789537e-02
-3.644428061292487309e-02
-5.689106865472581820e-02
6.528811316335283998e-02
1.588717197289250538e-01
6.605269113987283225e-02
1.852391696635761753e-01
1.693860301266948976e-01
3.132855811739868046e-02
9.574273594111659680e-02
8.481014414839116444e-03
-8.765669704438619481e-02
6.074649215905122968e-02
1.123312690962651461e-01
2.558675980768816416e-01
1.255136095715045919e-01
8.345535444021628946e-02
2.618428079005878928e-01
1.930040854752040624e-01
1.055772296330544507e-01
9.659330949151112566e-03
2.631892268266565749e-01
3.128328032791614643e-01
2.036727289291130338e-01
1.576754847128884474e-01
-4.987053474593983182e-02
7.926872009192287294e-02
1.146519797270106333e-01
3.039587849544646558e-01
1.185628282384637855e-01
1.600007549993955891e-01
1.502324853245538272e-01
1.268680130544082851e-01
4.436886259512759501e-02
2.010347235551740441e-02
2.205203511561393270e-02
1.133880349287651745e-01
7.180807497328497990e-02
-3.845263058386200195e-03
1.952579738561943667e-02
4.892120508309327764e-02
1.886694959652472914e-01
1.175520368144836458e-01
2.145380248554379921e-01
-7.681832839627056320e-02
-1.424867615392247377e-01
1.401828540404381207e-01
3.058104340702877399e-02
2.264351106395342816e-01
1.548623060709260757e-01
-2.426674874457203646e-01
-2.911367924904628701e-02
1.475133381704089031e-01
1.465114860791189300e-01
1.157467317157946374e-01
2.636439056630871525e-01
1.269211034267650473e-01
4.467052543309572854e-02
1.210923864647443227e-01
1.735921756738186827e-01
8.597115404274863204e-02
2.328681260364242889e-01
1.330915694813823991e-01
2.065200439310422853e-01
6.900871927643058290e-02
9.977436619675039697e-03
1.068729992758351288e-01
-1.270613060989798093e-01
1.578521713472880728e-01
1.179082215930574162e-01
2.152824258126785351e-01
2.845570680425937304e-01
1.610795967641413806e-01
7.711456904535071710e-02
2.972368599626104002e-01
1.623316622079624683e-01
7.550149734039390825e-03
5.113562771976526422e-02
1.642762272536367474e-01
8.759356540713125749e-02
-1.535756426869554492e-01
8.665004063163714298e-02
-2.965136831672855466e-01
-3.828056777262093258e-01
1.805161243477553246e-01
6.697785959682756030e-02
1.259804848345311423e-01
1.787536778516251312e-01
-4.640010397932020636e-02
5.741868574066599784e-02
1.287712484771289523e-01
8.534540735991780203e-02
1.597084635721701951e-01
2.691757802162255686e-01
-1.770388059580946249e-01
-2.156358539543683506e-01
-5.772024804104158857e-02
3.294008018572203156e-02
1.537187177574088071e-01
-1.089365896718783033e-01
5.821566054220383979e-02
1.699606406807141479e-01
-2.133715467239260533e-01
-5.250028571013239109e-02
1.334354923153617811e-01
-2.473585523187571411e-02
1.745542717775563357e-01
2.225868260792031594e-01
1.546264717208644113e-01
1.207451554961992829e-01
7.241979200429049524e-02
2.192167703295768710e-01
1.334254267540237182e-01
2.622988317873009567e-01
2.494994101471528780e-01
3.596414531498282052e-02
9.337814901504851162e-02
2.325004546300307728e-01
-1.385345283325090104e-02
2.693348982042753637e-02
8.922130515740500645e-02
1.090959407610163079e-01
1.596585893708365456e-01
7.647980695208489443e-02
1.232180057739766244e-01
8.413182212971936913e-02
3.273550197315470700e-01
6.124239364234385086e-02
1.579243872486241484e-01
6.595189299057035992e-02
1.272841662978381472e-01
1.578545544668268352e-01
3.345279364186779514e-01
2.253830978844535426e-01
3.024363058690257011e-01
1.957059828152553083e-01
2.191650529825706628e-01
2.151472237034895707e-01
-9.473277534119378673e-02
1.699163430140724906e-01
9.451857576162236985e-02
2.104225161812918743e-01
1.858184868065648199e-01
1.326593672684459602e-01
1.719907321276515355e-01
3.312991141982659093e-01
2.013075920082483261e-01
5.993897093838268519e-02
9.873365513988147102e-02
1.770431994396407249e-01
-2.603624374678426001e-03
-6.550537749303364521e-03
2.366106809538929268e-01
1.436579367249113393e-01
1.174665682102076780e-01
1.746811066107019916e-01
1.491220818134934567e-01
1.025118059035295959e-01
8.457758479316068723e-02
8.907089145264862617e-02
2.010464779715414596e-01
-3.016690624203899329e-02
1.404856167786820431e-01
3.524752048335861310e-01
-1.074727831121033428e-01
1.087917482807753133e-01
2.560547616826917006e-01
1.637338849428341681e-01
3.987500448242415896e-01
2.560352637417385724e-01
1.536029702250222284e-01
1.685811642605565819e-01
2.361199489283872799e-01
1.884117006932596872e-01
4.220611587731687431e-02
3.634074246257663066e-01
2.620009154075543245e-01
3.221038859133835142e-01
3.342773791481811196e-01
2.297118642941909095e-01
1.974349188702705371e-01
-6.468354532168041349e-03
9.847625362323716991e-02
1.989287978993831141e-01
1.969810586416918807e-01
1.925628240403893521e-01
