6.736947331119543136e+00
6.939139987655944530e+00
5.385682833392045232e+00
5.814533321744438155e+00
7.439504036045827107e+00
6.016735619608538421e+00
5.313085290344588429e+00
5.191381987225123673e+00
5.189982911991608994e+00
6.803771477802990297e+00
6.634580958237652482e+00
5.883468341532538837e+00
7.424904315054981829e+00
6.173965207157776192e+00
6.634410696297563526e+00
7.650967043814923763e+00
6.080861805207629978e+00
4.554347247929083409e+00
5.153664513805524372e+00
5.871837660248648838e+00
5.251117882647395874e+00
5.327222570825964176e+00
5.745726275919387227e+00
4.834157288709273637e+00
4.873291997647852369e+00
6.022496931683036792e+00
5.255123638429932242e+00
5.315093063174300525e+00
5.354926980896591360e+00
5.512104841841136249e+00
5.709456880529742762e+00
5.791222113677081396e+00
5.562605690548306114e+00
6.683294231898075921e+00
5.846813817124237644e+00
6.305842560419086418e+00
6.336215505124272340e+00
5.519100212014296680e+00
5.553176383687775441e+00
5.321116210765646670e+00
6.003565244007855739e+00
5.348402961499492569e+00
5.189829438465642930e+00
5.298749440351794959e+00
6.503531284158078130e+00
5.957987705637180831e+00
6.242902218153925098e+00
5.915393479186473513e+00
4.736822251921795512e+00
5.783297892457057721e+00
6.360353400626610920e+00
4.904443815617827163e+00
4.619356472942965475e+00
4.751203233511782642e+00
4.968399161857432134e+00
4.847454784065614142e+00
5.639113028153310836e+00
6.520285471113426823e+00
7.558640813915185497e+00
6.452864422632380581e+00
5.512907225448175019e+00
