1.102475586689369536e+01
1.251232961138401478e+01
1.127185336847964514e+01
9.885076240672704628e+00
1.268029885660729938e+01
1.011640224927885257e+01
7.410717268441944228e+00
8.652751764100747423e+00
1.165282091850537682e+01
1.126933659992554837e+01
1.202148305572872999e+01
1.114673750082463499e+01
1.257244280958771832e+01
1.103349890874698502e+01
1.012982305095582802e+01
1.305947343090004154e+01
8.976408833488338956e+00
8.526329392062763191e+00
8.618182308666165525e+00
9.053405155632150425e+00
8.145909359196881638e+00
8.080956813548283435e+00
9.869626507236569424e+00
8.594566494987102345e+00
8.732671576569567051e+00
1.020022160716682791e+01
8.724384689731490283e+00
7.725169611583773133e+00
8.070515079238161249e+00
8.908816439088438344e+00
8.548597147292676723e+00
8.747831313125137953e+00
9.992937022955022286e+00
1.054678997584884215e+01
9.458609997527776869e+00
1.064485719729436575e+01
1.418587576625572844e+01
9.689259809784598332e+00
1.082880746644682901e+01
1.028278425850919398e+01
9.957291296712785567e+00
9.217019294148139252e+00
8.844120704066652294e+00
1.169720469654929040e+01
1.064869376335172291e+01
9.348718010811801093e+00
1.064141389290337436e+01
9.016810250561372087e+00
8.241025515006308311e+00
8.924853261486415335e+00
9.817688211425886990e+00
7.499734103432459165e+00
7.468158775383359149e+00
8.136491581275754115e+00
7.574012388297393095e+00
7.818383636542079351e+00
1.081406227038135448e+01
1.222499288894827352e+01
1.303357590191061099e+01
9.934150396251029136e+00
8.138667073303986754e+00
