6.000000000000000000e+00
6.000000000000000000e+00
6.000000000000000000e+00
0.000000000000000000e+00
1.175999999999999979e+01
1.572000000300019806e+01
0.000000000000000000e+00
0.000000000000000000e+00
0.000000000000000000e+00
6.000000001000002747e+00
0.000000000000000000e+00
0.000000000000000000e+00
1.065814103640150279e-14
0.000000000000000000e+00
0.000000000000000000e+00
0.000000000000000000e+00
0.000000000000000000e+00
5.879999999999997229e+00
0.000000000000000000e+00
0.000000000000000000e+00
5.879999999999999893e+00
0.000000000000000000e+00
0.000000000000000000e+00
5.879999999999999893e+00
6.000000001000000083e+00
6.120000000000000107e+00
0.000000000000000000e+00
1.175999999999999979e+01
6.120000000999997525e+00
5.879999999999999893e+00
5.879999999999999893e+00
5.879999999999999893e+00
0.000000000000000000e+00
5.879999999999999893e+00
0.000000000000000000e+00
0.000000000000000000e+00
0.000000000000000000e+00
0.000000000000000000e+00
0.000000000000000000e+00
0.000000000000000000e+00
0.000000000000000000e+00
0.000000000000000000e+00
0.000000000000000000e+00
0.000000000000000000e+00
6.000000000000000000e+00
0.000000000000000000e+00
0.000000000000000000e+00
0.000000000000000000e+00
0.000000000000000000e+00
0.000000000000000000e+00
0.000000000000000000e+00
5.879999999999999893e+00
5.879999999999999893e+00
0.000000000000000000e+00
0.000000000000000000e+00
0.000000000000000000e+00
0.000000000000000000e+00
0.000000000000000000e+00
5.879999999999999893e+00
0.000000000000000000e+00
1.200000009999975248e-01
5.879999999999999893e+00
0.000000000000000000e+00
2.160000000000000142e+01
0.000000000000000000e+00
5.879999999999999893e+00
0.000000000000000000e+00
0.000000000000000000e+00
5.879999999999994564e+00
0.000000000000000000e+00
0.000000000000000000e+00
0.000000000000000000e+00
5.879999999999999893e+00
0.000000000000000000e+00
5.879999999999999893e+00
0.000000000000000000e+00
0.000000000000000000e+00
5.999999999999997335e+00
5.879999999999999893e+00
5.879999999999999893e+00
5.879999999999999893e+00
0.000000000000000000e+00
1.175999999999999979e+01
0.000000000000000000e+00
0.000000000000000000e+00
0.000000000000000000e+00
0.000000000000000000e+00
0.000000000000000000e+00
0.000000000000000000e+00
0.000000000000000000e+00
6.000000001000000083e+00
1.775999999999999801e+01
0.000000000000000000e+00
5.880000000900002632e+00
5.879999999999999893e+00
0.000000000000000000e+00
0.000000000000000000e+00
0.000000000000000000e+00
0.000000000000000000e+00
0.000000000000000000e+00
5.879999999999999893e+00
0.000000000000000000e+00
0.000000000000000000e+00
5.879999999999999893e+00
6.000000000000000000e+00
6.000000000000000000e+00
5.880000000000002558e+00
0.000000000000000000e+00
1.200000010000001893e-01
0.000000000000000000e+00
0.000000000000000000e+00
1.775999999999999801e+01
0.000000000000000000e+00
5.879999999999999893e+00
0.000000000000000000e+00
5.000053704407037003e-10
0.000000000000000000e+00
2.159999999999999787e+01
5.879999999999999893e+00
0.000000000000000000e+00
0.000000000000000000e+00
0.000000000000000000e+00
0.000000000000000000e+00
5.879999999999999893e+00
0.000000000000000000e+00
0.000000000000000000e+00
0.000000000000000000e+00
5.879999999999999893e+00
0.000000000000000000e+00
0.000000000000000000e+00
0.000000000000000000e+00
0.000000000000000000e+00
1.999994836410223797e-09
0.000000000000000000e+00
0.000000000000000000e+00
0.000000000000000000e+00
0.000000000000000000e+00
0.000000000000000000e+00
5.879999999999999893e+00
0.000000000000000000e+00
0.000000000000000000e+00
0.000000000000000000e+00
0.000000000000000000e+00
0.000000000000000000e+00
5.879999998999994482e+00
0.000000000000000000e+00
0.000000000000000000e+00
0.000000000000000000e+00
0.000000000000000000e+00
1.775999999999999801e+01
0.000000000000000000e+00
0.000000000000000000e+00
2.159999999999999787e+01
2.159999999999999787e+01
0.000000000000000000e+00
0.000000000000000000e+00
0.000000000000000000e+00
0.000000000000000000e+00
1.572000000000000064e+01
2.159999999999999787e+01
0.000000000000000000e+00
0.000000000000000000e+00
5.879999999999999893e+00
0.000000000000000000e+00
0.000000000000000000e+00
0.000000000000000000e+00
0.000000000000000000e+00
0.000000000000000000e+00
0.000000000000000000e+00
0.000000000000000000e+00
0.000000000000000000e+00
0.000000000000000000e+00
0.000000000000000000e+00
0.000000000000000000e+00
0.000000000000000000e+00
0.000000000000000000e+00
0.000000000000000000e+00
0.000000000000000000e+00
0.000000000000000000e+00
0.000000000000000000e+00
9.999974182051118987e-10
0.000000000000000000e+00
0.000000000000000000e+00
0.000000000000000000e+00
0.000000000000000000e+00
0.000000000000000000e+00
0.000000000000000000e+00
0.000000000000000000e+00
0.000000000000000000e+00
0.000000000000000000e+00
5.879999999999999893e+00
0.000000000000000000e+00
0.000000000000000000e+00
0.000000000000000000e+00
5.879999999999999893e+00
0.000000000000000000e+00
0.000000000000000000e+00
0.000000000000000000e+00
0.000000000000000000e+00
5.879999999999999893e+00
5.879999999999999893e+00
0.000000000000000000e+00
0.000000000000000000e+00
0.000000000000000000e+00
0.000000000000000000e+00
5.879999999999999893e+00
0.000000000000000000e+00
0.000000000000000000e+00
2.160000000000000142e+01
5.879999999999999893e+00
0.000000000000000000e+00
0.000000000000000000e+00
0.000000000000000000e+00
1.000000082740370999e-09
5.879999999999999893e+00
0.000000000000000000e+00
0.000000000000000000e+00
2.160000000000000142e+01
0.000000000000000000e+00
0.000000000000000000e+00
0.000000000000000000e+00
2.160000000000000142e+01
0.000000000000000000e+00
0.000000000000000000e+00
0.000000000000000000e+00
0.000000000000000000e+00
0.000000000000000000e+00
0.000000000000000000e+00
0.000000000000000000e+00
2.159999999999999787e+01
0.000000000000000000e+00
0.000000000000000000e+00
5.879999999999999893e+00
0.000000000000000000e+00
0.000000000000000000e+00
0.000000000000000000e+00
5.879999999999997229e+00
0.000000000000000000e+00
0.000000000000000000e+00
0.000000000000000000e+00
5.880000000999997312e+00
0.000000000000000000e+00
0.000000000000000000e+00
1.200000000000001066e-01
2.159999999999999787e+01
0.000000000000000000e+00
5.879999999999997229e+00
5.879999999999997229e+00
0.000000000000000000e+00
1.775999999999999801e+01
5.879999999999997229e+00
5.879999999999999893e+00
0.000000000000000000e+00
0.000000000000000000e+00
0.000000000000000000e+00
1.200000010000001893e-01
0.000000000000000000e+00
0.000000000000000000e+00
0.000000000000000000e+00
0.000000000000000000e+00
1.775999999999999801e+01
5.879999999999999893e+00
0.000000000000000000e+00
0.000000000000000000e+00
5.879999999999999893e+00
0.000000000000000000e+00
0.000000000000000000e+00
0.000000000000000000e+00
0.000000000000000000e+00
1.199999999999974420e-01
5.879999999999999893e+00
1.187999999890000247e+01
5.879999999999999893e+00
0.000000000000000000e+00
5.879999999999999893e+00
0.000000000000000000e+00
0.000000000000000000e+00
0.000000000000000000e+00
0.000000000000000000e+00
0.000000000000000000e+00
0.000000000000000000e+00
0.000000000000000000e+00
5.879999999999999893e+00
0.000000000000000000e+00
5.879999999999999893e+00
0.000000000000000000e+00
0.000000000000000000e+00
0.000000000000000000e+00
5.879999999999999893e+00
0.000000000000000000e+00
0.000000000000000000e+00
0.000000000000000000e+00
0.000000000000000000e+00
0.000000000000000000e+00
0.000000000000000000e+00
5.879999999999999893e+00
0.000000000000000000e+00
0.000000000000000000e+00
0.000000000000000000e+00
6.000000000000000000e+00
5.879999999999999893e+00
0.000000000000000000e+00
0.000000000000000000e+00
0.000000000000000000e+00
5.879999999999999893e+00
5.879999999999999893e+00
0.000000000000000000e+00
0.000000000000000000e+00
0.000000000000000000e+00
5.879999999999999893e+00
0.000000000000000000e+00
0.000000000000000000e+00
0.000000000000000000e+00
5.879999999999999893e+00
0.000000000000000000e+00
0.000000000000000000e+00
0.000000000000000000e+00
0.000000000000000000e+00
0.000000000000000000e+00
0.000000000000000000e+00
0.000000000000000000e+00
0.000000000000000000e+00
0.000000000000000000e+00
0.000000000000000000e+00
0.000000000000000000e+00
0.000000000000000000e+00
5.879999999999997229e+00
0.000000000000000000e+00
0.000000000000000000e+00
0.000000000000000000e+00
0.000000000000000000e+00
5.879999999999999893e+00
0.000000000000000000e+00
0.000000000000000000e+00
5.879999999999999893e+00
0.000000000000000000e+00
0.000000000000000000e+00
5.879999999999999893e+00
0.000000000000000000e+00
0.000000000000000000e+00
0.000000000000000000e+00
0.000000000000000000e+00
0.000000000000000000e+00
0.000000000000000000e+00
0.000000000000000000e+00
0.000000000000000000e+00
6.000000000000002665e+00
0.000000000000000000e+00
5.879999999999999893e+00
0.000000000000000000e+00
0.000000000000000000e+00
5.879999999999999893e+00
0.000000000000000000e+00
0.000000000000000000e+00
0.000000000000000000e+00
5.879999999999999893e+00
0.000000000000000000e+00
5.879999999999999893e+00
0.000000000000000000e+00
9.000054035368520999e-10
0.000000000000000000e+00
5.880000000000002558e+00
0.000000000000000000e+00
1.200000000000001066e-01
0.000000000000000000e+00
