-5.819063978507488244e-02
-2.483683404090980262e-01
-1.998160075479230580e-01
4.308452928772061874e-01
-4.898786501038442931e-01
4.259879968318472376e-02
2.228284072859388065e-01
9.144734604226845143e-02
2.581049472345902096e-01
2.875194737923397748e-02
2.815985305174129039e-01
4.516858988242907769e-01
2.002280380141893135e-01
2.487754693338422585e-01
4.678714306889153463e-02
1.376221809903658277e-01
3.244053149434968919e-01
-2.196770062467034434e-01
1.849531862136901406e-01
1.766352350998524057e-01
7.946007562247042744e-02
2.052888185726194914e-01
2.741564576151192534e-01
1.080103648032304520e-02
-2.166442596281453747e-02
9.546613258749975239e-02
2.404018041862530097e-01
-2.210306552117104473e-01
-6.751897547055052407e-02
-5.495768670590095439e-02
5.239362980276829340e-03
-8.978663523856456052e-03
5.533680593259066027e-02
5.630568689881512712e-02
3.056951076257582445e-01
4.766738345050403058e-02
1.275381230320640491e-01
1.990699255757287234e-01
2.576302866362179533e-01
1.880742568254741565e-01
2.006193445848453161e-01
1.882118463457901902e-01
2.328579010641738944e-01
2.579679725925781986e-01
1.387753848100786724e-02
1.426256304462217850e-01
1.566494686453279161e-01
2.193678098276299060e-01
1.643083718137277049e-01
1.719479318432658999e-01
2.896145456560158538e-01
8.350458663112861335e-03
7.273527878855301498e-02
2.358492422693317936e-01
2.103496810916173354e-01
8.965884952162694876e-02
1.351508408947343642e-01
1.498589333349562014e-01
-4.589235118080409181e-02
5.248985747872014773e-02
1.458784537073344323e-01
-3.741502243064072364e-02
1.256394449388573142e-01
-3.495962799845191427e-01
1.875135678889714719e-01
-1.121302343262838008e-01
7.911098051363285588e-02
3.357333816166333529e-01
1.147250871204763545e-02
1.357569139943428094e-01
1.576187367592238320e-01
1.776001292455508529e-01
-7.718664701909189185e-02
1.176476352471638731e-01
3.794036206380974052e-02
3.278540503422460173e-01
1.330869628750617761e-01
-2.077911074171931438e-02
-7.839719634138930804e-02
-7.867835971653930338e-02
-2.421356120045835281e-01
1.843284945945515285e-01
-1.246111917404199437e-01
2.695207808005077865e-01
6.335827658369885818e-02
6.126168437701112746e-02
2.181899654044203996e-01
2.485438636247694899e-01
1.801178148604692386e-01
2.194256553192155956e-01
-2.315821683243288187e-01
-3.338286675229439893e-01
1.464303093691270985e-01
-1.566938261104324770e-01
-1.093223216904617295e-01
1.457943182582444597e-01
1.756443451881714024e-01
1.485861583559958121e-01
1.385512301062623020e-01
-8.532459540011333443e-03
-2.239950638710963560e-02
2.891275169500543418e-01
1.489751202057096324e-01
1.940379881011600194e-02
-2.317999369857829950e-01
-3.182607754223343299e-01
-8.945595737453093665e-02
6.510891871232482586e-02
1.059648055219021001e-01
1.811432936372814051e-01
2.347881699428626401e-01
-4.249246517977485760e-01
1.259206838044938381e-01
-1.104436982490571428e-01
5.831354858393006380e-02
3.131963089314529491e-03
1.985135301478500036e-01
-4.154315907331621593e-01
5.067928384571351169e-02
4.693729156570289329e-02
-8.750643398311441779e-03
5.570032846730822718e-02
1.682737073426217034e-01
-7.834282807445386299e-03
1.835911417049015115e-01
3.615366635192895917e-02
1.156238785432731342e-01
1.349839944053821128e-02
2.364565326423401226e-01
-4.384278565747157241e-02
1.538727082024167192e-01
9.229041639962770605e-02
1.544285278668051653e-01
-8.581486946482291822e-02
-7.427140348036395667e-02
2.247017799181178777e-01
1.058694808199630022e-01
2.222387577044913076e-01
5.167553772133248735e-02
1.233076293792659817e-01
2.800579317626888942e-02
8.644768130093691272e-02
1.662172217255996620e-01
-2.362505690413561898e-02
-5.025676995550149018e-02
-8.241130219109048249e-02
1.052368566175069936e-01
5.459929723849848981e-02
2.013441387967097596e-01
-3.584362837889752407e-01
-2.242244150948620451e-01
1.351290774756375712e-01
-2.316751970488000467e-01
-3.617533051376293218e-01
2.629626259391834586e-02
2.146185883938566130e-01
5.848283651910327063e-02
8.248398928176969847e-02
-7.279137912048366799e-02
-2.290079264512512591e-01
2.055506624235908242e-01
1.127922741080746860e-01
-4.187074896601275520e-02
1.974323676363755053e-01
9.782970242617139434e-02
7.479777307639406958e-02
-1.966106117470343140e-01
2.413972071053560597e-02
3.071139569411082126e-01
3.609958728968398756e-02
8.457282879074815019e-02
1.459822292646255626e-01
1.145625568272140571e-01
1.931668494171407957e-01
7.625386260488770107e-02
9.232498088909632528e-02
-1.702254658246243890e-02
1.467458189437179095e-01
3.298645980880654527e-02
7.740902202130345300e-02
7.655465007957636125e-02
1.665063094912352937e-02
2.497973943180670786e-01
-1.279024778401262052e-01
2.133046081200459798e-01
1.180719038318800984e-01
1.384529741820699766e-01
1.477626775363418687e-01
1.494070999442100867e-01
1.098704499334894336e-01
-1.179329121923135548e-01
1.349085401579943055e-01
8.025194956657605294e-02
6.943177769537300925e-02
1.178272531323511368e-01
2.706629267018521023e-01
1.965342213243868597e-01
2.547290433553574540e-01
6.623348586588329034e-02
2.549767977213623915e-02
-1.814080554433661341e-02
7.532169602823113319e-02
1.951932268871245379e-01
1.459700056284633507e-01
1.846701362198657770e-02
1.089239020159924326e-01
4.051039851688742477e-02
3.805024813146081208e-01
-3.067120999857951835e-01
-2.059107803339160769e-02
3.066917630513334991e-01
1.086237551336883544e-01
2.164174675961061389e-01
2.926235896209345433e-01
8.573580410570477706e-03
1.226363719788894913e-01
2.428730040780263943e-01
-5.859703929945141443e-01
1.079955811169112795e-01
6.450949546280618230e-02
-2.419417475992123590e-01
-2.603088470360482853e-01
9.962598857760979199e-02
1.100553728980459278e-01
3.008374947248759756e-01
-3.629335355297469423e-02
2.993637687877830356e-01
2.051261349198634509e-01
5.648511783682474974e-02
-3.069076802119833358e-01
4.180610663138062399e-02
1.595994573503266289e-01
3.024568659046772412e-02
1.842021462554383482e-01
1.091040108777805717e-01
1.695678000966604204e-01
3.174964057978435505e-02
1.232825234071500964e-01
-1.171157778642848979e-01
1.398094030021599377e-01
1.032883078413973782e-01
7.058523096937509289e-02
2.667763921384568304e-01
2.142691652535541891e-01
-3.145734038317442027e-01
4.816310844664617452e-02
-2.176456489936393623e-01
-2.085394065556395726e-01
4.509911462422938611e-02
-1.184403513586400614e-01
1.708148101872383195e-01
1.723961436238898581e-01
2.635316378639650514e-01
1.924873205969154788e-01
-6.821750960764597083e-02
1.544165387835765568e-01
1.187943470354350245e-02
3.646104384737655635e-02
1.563933712686533806e-01
1.969625192077423259e-01
-8.530276053700479588e-01
-1.199707830686208565e-01
-2.552245746190270337e-01
3.429806158971244190e-01
9.149076580230219857e-02
8.810362606834973298e-02
5.127889051172318524e-02
2.494581677461327196e-02
7.623967146635783620e-02
5.761064533117743469e-02
-7.240512786991892824e-03
-1.440978839190060201e-03
-1.977728521090365010e-01
1.834880911325859343e-01
-9.389232145498194182e-02
-3.308650430965628386e-01
1.456101616859400150e-01
1.480372396542427027e-01
1.555228136164699682e-01
1.016352915024765213e-01
2.086544013497496075e-01
-2.750423516765448939e-02
7.608942052861841776e-02
1.671743319849601783e-01
2.658446022581140156e-03
6.726567457351503854e-02
1.694902642268202309e-01
7.163124611027993360e-02
-5.206093155587743215e-02
1.327027378623364395e-01
1.670575419720210508e-01
1.846348230047923644e-01
-9.851905763465645949e-04
1.881844113165405119e-01
2.203647153494336930e-01
-2.956171973685086662e-01
6.826215544557223680e-02
2.334877938711981959e-01
2.772645577831749364e-01
2.237417449791839763e-02
-2.765470459723740615e-01
4.036037544813834144e-01
1.017818234330159777e-01
1.004062588053324101e-01
-4.768479243585393990e-03
1.189485464448874485e-01
1.979935541376994790e-01
1.120559576875743146e-01
2.399611822377376025e-01
2.671904476922720706e-02
2.139361653440170485e-01
3.924112805414804450e-01
3.398652465746502815e-01
5.051551140088700320e-02
3.448557387908667282e-01
1.465842684841257293e-01
5.154126107475542895e-02
2.463699551831019796e-01
2.744910282297681747e-01
3.234144468670830941e-01
3.966694855197236969e-01
1.637531242740708770e-01
6.329601743531854119e-02
2.087097408555837474e-01
2.158672088548895529e-01
3.064666338013110058e-01
5.326763717997577696e-02
1.155892471538782773e-01
-4.675520218353551583e-02
2.366832406366408681e-01
3.724694006889702758e-01
-2.269723706587379042e-01
4.361077249865052408e-01
4.347222580777674872e-01
-3.795736169071009525e-02
4.145174728421036070e-02
1.746033226989082698e-01
-2.381233355588804335e-01
2.092679401563514729e-01
1.761554303138132271e-01
2.242814731755206625e-01
2.374988876025915796e-01
-2.682724938481284571e-02
1.138697763074374703e-01
1.307500395783723346e-01
2.362870509010102094e-01
1.611039292667043599e-02
3.508894816012360085e-01
1.221426164760251176e-01
3.090972717948068937e-01
2.899321373778033784e-01
-5.122384612649633073e-02
1.371281875229475311e-01
1.224368278624304585e-01
1.570078005959361644e-01
-7.940760880961611479e-02
2.641957188366563236e-01
1.346942115293418840e-01
3.886660421734807747e-01
6.089434129546444918e-02
1.380692077316587607e-01
1.284030393795279890e-01
2.244261326603810280e-01
1.626051672100564116e-01
1.372883336722017233e-01
