5.996714726750422830e-01
7.416859358400954561e-01
8.168096794590776755e-01
1.256509448087897551e+00
1.251096134554024797e+00
4.617869700901916508e-01
4.976234425817648299e-01
5.575999637864388347e-01
4.704642746611463755e-01
2.959908318371929914e-01
3.760993421161245021e-01
5.643142765073846379e-01
5.374476753811525676e-01
4.099483225350741833e-01
5.558176138039201408e-01
7.238837854484343470e-01
4.567931538163167993e-01
3.798910221033356960e-01
2.341486228824060101e-01
2.846884200499667505e-01
3.087374358549508924e-01
2.707484697376100202e-01
2.466778859940135515e-01
3.971817378597705117e-01
3.867079085987090714e-01
3.545563178205320964e-01
3.389570841344068386e-01
3.150396799056727759e-01
3.968592746095839230e-01
4.417536197060050740e-01
3.213921380307547815e-01
4.765066889989119092e-01
3.716406474833880980e-01
3.043809625812423647e-01
2.318963122854558467e-01
4.511171632781744711e-01
4.961709307860350249e-01
4.544029165862698560e-01
5.096930364144913739e-01
3.800804318730290343e-01
2.684829911416732329e-01
3.828476992293803338e-01
4.391978549368172891e-01
2.845837479558385175e-01
1.692958621718582690e-01
2.387517267100447982e-01
2.354586442517841438e-01
3.860319626873850996e-01
1.984059538899735908e-01
2.813111716279401708e-01
3.932724278852791633e-01
3.194708640902931829e-01
2.742406798300852655e-01
3.880947702846596625e-01
2.872555102458581588e-01
3.493818074402622598e-01
4.173107167885431457e-01
3.529239797162245229e-01
1.669302865936167224e-01
3.473405235257451262e-01
1.857548307723125569e-01
2.699588598731178513e-01
2.828030687718206537e-01
3.404731112851913100e-01
3.609752061937553380e-01
3.868127417765255815e-01
3.144461839123458002e-01
3.360085038739344387e-01
3.576168112259584531e-01
3.219668689611301371e-01
3.919372250723014428e-01
2.861512510175819313e-01
3.594595069984944380e-01
3.459194675838105915e-01
3.043701336127054291e-01
3.271514492886250514e-01
2.705478296469389643e-01
3.379819623743522961e-01
2.266587575226319262e-01
3.088064136147238292e-01
1.876292164367625026e-01
3.404668650037166455e-01
2.192606200522059234e-01
3.835566250590709547e-01
3.947352285908509173e-01
2.829047599546982150e-01
2.442906826279674370e-01
3.201660006879890608e-01
2.314386616077807601e-01
2.588965978634245046e-01
3.136913629449883945e-01
3.313386943237291438e-01
3.513456066668566580e-01
4.264888269139757160e-01
2.153340971309410379e-01
4.194929094776692624e-01
5.752436647296608196e-01
5.440880912855915463e-01
5.697566156116934399e-01
5.817991326979875533e-01
4.427793992047573401e-01
4.348757996453219699e-01
3.299007759690603114e-01
4.527662914956935847e-01
6.487921010410888645e-01
4.960207228575045924e-01
3.565018184552937730e-01
3.799295477539947896e-01
6.606179246905254931e-01
4.320215216426823712e-01
4.617353966810057164e-01
2.106389603592922211e-01
3.913064902878806151e-01
4.911013617152972799e-01
3.772954553768576025e-01
4.377633986539056776e-01
4.171154548057044442e-01
4.442010181217629916e-01
4.614581323814039848e-01
2.618058468965320795e-01
5.329648087496344777e-01
4.260618770816053114e-01
3.582175675759462496e-01
4.210989612260424009e-01
3.741610855979617956e-01
3.499405028074787372e-01
2.527794726448577278e-01
2.987679055559110397e-01
3.975567332171396906e-01
3.576911330057402916e-01
4.389158361255240948e-01
2.544676931667164688e-01
3.899302725969987504e-01
5.814234282181515168e-01
4.743168237715845725e-01
5.439335747853639713e-01
3.904852749439983173e-01
2.187287866941328429e-01
3.838205495509459109e-01
4.049033217731971557e-01
4.420597480106713828e-01
4.217493062275226023e-01
3.988910751960582646e-01
6.101877400877776525e-01
7.269410114918791743e-01
4.269983739203729312e-01
4.731763733226528323e-01
7.586010638966758091e-01
2.783441163363571946e-01
4.490001220054924413e-01
4.546334252685808597e-01
6.567843144415741463e-01
3.348743468322656347e-01
3.259317274881189941e-01
3.187465215762940174e-01
5.233594223689060909e-01
3.250971009806510326e-01
5.117440290329428043e-01
3.848656380766353746e-01
3.249112932719085967e-01
3.855600018848350796e-01
4.810647441880383512e-01
6.184695227896304104e-01
3.645567642145596809e-01
3.911518815523803427e-01
3.825429003169007469e-01
4.030616218582666055e-01
5.223331260958747890e-01
5.195759389167473596e-01
5.704945857768101147e-01
4.333550230597839059e-01
2.375465971239184571e-01
3.881627197804948803e-01
3.705255710773183164e-01
5.780246137983962029e-01
3.826324219838364571e-01
5.326375057266485857e-01
5.215677433380783157e-01
2.750149697516343084e-01
7.237516601248799031e-01
5.808141036148277703e-01
3.611310755878238132e-01
5.364658546877776324e-01
6.855719552450663112e-01
4.830106912782748951e-01
6.134331898756634205e-01
5.343420862318589704e-01
2.342665659787745436e-01
4.792560412987227347e-01
4.000614186815540929e-01
4.424420906507832152e-01
4.730962315071801094e-01
5.026960680989772667e-01
5.479949934731164207e-01
4.100953665399270642e-01
2.919330919246115874e-01
6.643337825336329550e-01
4.958943386300846967e-01
6.923369189647902155e-01
3.452861331700917136e-01
4.685545589091547058e-01
4.880639947950839996e-01
4.322972896384769115e-01
5.470962396579341913e-01
3.081319635908210675e-01
4.008987109527426540e-01
5.223914658841373182e-01
4.234651977157479763e-01
3.265552312241558619e-01
4.187516977812882901e-01
4.235358113386855083e-01
3.684304167929069451e-01
3.913620467592940910e-01
4.330763078068818328e-01
2.176208381506290479e-01
4.435135270838090338e-01
4.075560826433298200e-01
4.994875270779510767e-01
3.818945791012509083e-01
5.340723602146818516e-01
6.216594708966215466e-01
4.118092912245359671e-01
4.542060070774397995e-01
3.977728318940110253e-01
4.922076223502120373e-01
6.333653524875328955e-01
3.963038649109063005e-01
5.474025171892542563e-01
4.468824883003608139e-01
3.183384783984096744e-01
2.060529814958279027e-01
4.566293432421817400e-01
3.509374876129848775e-01
4.763354485774979885e-01
3.993720778406436578e-01
3.180211084871992222e-01
3.687052912428702145e-01
4.853637327086876563e-01
6.344762877634343434e-01
5.050851165670972032e-01
4.650268100354765233e-01
3.681399122880263941e-01
3.997714362767503804e-01
2.874843172592721485e-01
3.660654560056090245e-01
4.480437743275610396e-01
4.124776311935539064e-01
4.340915734145582294e-01
3.425470015759818354e-01
3.699193522738624673e-01
3.584589591058850999e-01
2.615544126543344339e-01
3.199145977322540024e-01
5.248486511965081425e-01
4.535414388203566349e-01
3.574629409861756479e-01
4.434372236758524766e-01
4.550724113842288809e-01
6.204087561106386151e-01
5.270763714046555748e-01
6.136334501169269373e-01
4.621469683150991603e-01
6.568694617130541591e-01
4.696200891838626101e-01
2.498290635346136490e-01
3.969717454928175515e-01
4.669662571061415912e-01
5.309703189502051890e-01
3.190355004732174926e-01
5.414807318968902772e-01
3.790818670000901669e-01
4.723544358812819532e-01
6.644140228647662516e-01
3.835528538660562536e-01
5.268593086922330748e-01
5.786025270346514260e-01
3.826932806720244606e-01
4.085619771154907487e-01
3.712930764191167965e-01
5.517562131229684086e-01
6.332025698589291984e-01
6.812415916388392390e-01
5.014028263024385978e-01
5.155465190913152140e-01
2.641847813738198436e-01
2.678506717881420918e-01
5.119389654247534782e-01
6.065937549518136684e-01
4.179527642492515405e-01
3.983698045838509061e-01
3.614889829174656732e-01
3.346114275332947585e-01
5.222601201616947630e-01
5.627497998423205416e-01
4.446949688616308460e-01
5.209691902626233384e-01
5.709699067093934044e-01
3.886721794823102538e-01
4.063465466981653340e-01
4.240945351676760344e-01
2.317177538266377290e-01
6.318986934235867325e-01
4.360921416404119344e-01
4.008260190015585089e-01
3.004431068772821511e-01
6.059743465342809499e-01
3.360723904666083617e-01
3.106976054035314183e-01
3.623398875034859468e-01
2.941513583873958670e-01
4.824365680291484715e-01
6.083985903307461696e-01
4.226642794185366259e-01
5.694179021066235746e-01
4.883471910109741243e-01
5.870178087464961170e-01
4.262308388277151749e-01
3.933891158538911359e-01
6.412708989658270076e-01
4.043843110834917098e-01
4.232929235093015885e-01
4.990698592140246359e-01
4.869425405069365831e-01
4.733011289181560111e-01
5.460278757454055665e-01
2.956022758223372793e-01
3.638485867381673344e-01
3.808344583214104961e-01
4.816062403935649772e-01
3.311128701408523889e-01
4.440517899729873319e-01
5.062986931068029772e-01
6.071978534707532793e-01
4.626777570778958237e-01
4.169875664464453013e-01
4.226885085227877203e-01
6.043146036680693278e-01
4.599087792684538600e-01
4.505120924242520530e-01
6.843894924458178153e-01
3.577705502979250385e-01
4.257700248115762198e-01
6.584737922922244691e-01
4.490993820778749201e-01
5.550633946015950393e-01
5.094806975270306237e-01
4.885873285619772854e-01
5.525602403874347868e-01
4.872179413930922687e-01
4.453721552167396180e-01
5.018786671086616913e-01
5.903160348229955501e-01
5.004785729734277933e-01
4.839549243506654497e-01
6.330002445027705926e-01
3.232621316605966966e-01
4.976859955688651693e-01
4.721959017518380097e-01
3.473179081990857009e-01
4.345900548224492788e-01
2.159983513307489056e-01
2.986246710314378605e-01
3.606789978863738089e-01
3.441602769422975050e-01
3.050692169423342426e-01
